image: TRR.bmp
resolution: 0.01055
origin: [0.000000, 0.000000, 0.000000]
negate: 0
occupied_thresh: 0.65
free_thresh: 0.196